[[1139.98499102 1171.93496684 1179.8060114  1192.42081277 1245.91521922
  1240.63452644 1272.1949835  1293.13858747 1306.47222678 1320.30648162
  1340.57588389 1352.47606423 1359.59343003 1360.1962263  1358.06254509
  1360.1962263  1359.59343003 1352.47606423 1340.57588389 1320.30648162
  1306.47222678 1293.13858747 1272.1949835  1240.63452644 1245.91521922
  1192.42081277 1179.8060114  1171.93496684 1139.98499102]
 [1171.93496684 1201.39421926 1206.67516874 1235.96654803 1265.24457132
  1288.18519324 1312.14227764 1336.15293192 1352.47606423 1365.61279877
  1378.27723361 1390.13807521 1401.66344196 1402.1164019  1404.52516385
  1402.1164019  1401.66344196 1390.13807521 1378.27723361 1365.61279877
  1352.47606423 1336.15293192 1312.14227764 1288.18519324 1265.24457132
  1235.96654803 1206.67516874 1201.39421926 1171.93496684]
 [1179.8060114  1206.67516874 1220.747953   1263.76792235 1298.50617374
  1320.5848023  1349.66464481 1365.35048093 1384.10679896 1404.52516385
  1416.275236   1428.33889422 1439.61286528 1446.72146383 1447.02497461
  1446.72146383 1439.61286528 1428.33889422 1416.275236   1404.52516385
  1384.10679896 1365.35048093 1349.66464481 1320.5848023  1298.50617374
  1263.76792235 1220.747953   1206.67516874 1179.8060114 ]
 [1192.42081277 1235.96654803 1263.76792235 1288.48042352 1320.30648162
  1352.03870992 1378.27723361 1402.1164019  1424.54966128 1443.43025973
  1456.84537445 1471.65190698 1480.25238497 1485.6282317  1488.58715244
  1485.6282317  1480.25238497 1471.65190698 1456.84537445 1443.43025973
  1424.54966128 1402.1164019  1378.27723361 1352.03870992 1320.30648162
  1288.48042352 1263.76792235 1235.96654803 1192.42081277]
 [1245.91521922 1265.24457132 1298.50617374 1320.30648162 1359.59343003
  1387.91029217 1414.57900448 1437.50625184 1459.99112779 1480.25238497
  1495.14097617 1511.30606771 1520.04555901 1525.49651465 1529.43256144
  1525.49651465 1520.04555901 1511.30606771 1495.14097617 1480.25238497
  1459.99112779 1437.50625184 1414.57900448 1387.91029217 1359.59343003
  1320.30648162 1298.50617374 1265.24457132 1245.91521922]
 [1240.63452644 1288.18519324 1320.5848023  1352.03870992 1387.91029217
  1414.38447678 1446.72146383 1471.65190698 1495.08084299 1515.16950634
  1535.63691567 1548.01731539 1559.59522308 1568.08739078 1569.43436452
  1568.08739078 1559.59522308 1548.01731539 1535.63691567 1515.16950634
  1495.08084299 1471.65190698 1446.72146383 1414.38447678 1387.91029217
  1352.03870992 1320.5848023  1288.18519324 1240.63452644]
 [1272.1949835  1312.14227764 1349.66464481 1378.27723361 1414.57900448
  1446.72146383 1476.03537582 1504.41935161 1529.43256144 1550.88486484
  1571.98717866 1588.78470193 1600.73207446 1608.6155575  1609.68133447
  1608.6155575  1600.73207446 1588.78470193 1571.98717866 1550.88486484
  1529.43256144 1504.41935161 1476.03537582 1446.72146383 1414.57900448
  1378.27723361 1349.66464481 1312.14227764 1272.1949835 ]
 [1293.13858747 1336.15293192 1365.35048093 1402.1164019  1437.50625184
  1471.65190698 1504.41935161 1531.20379111 1559.59522308 1585.86368384
  1608.6155575  1624.64011293 1635.00684849 1638.92379052 1638.23712409
  1638.92379052 1635.00684849 1624.64011293 1608.6155575  1585.86368384
  1559.59522308 1531.20379111 1504.41935161 1471.65190698 1437.50625184
  1402.1164019  1365.35048093 1336.15293192 1293.13858747]
 [1306.47222678 1352.47606423 1384.10679896 1424.54966128 1459.99112779
  1495.08084299 1529.43256144 1559.59522308 1590.60176282 1617.38386113
  1635.90379341 1644.20191857 1653.97893307 1662.69889842 1663.84242941
  1662.69889842 1653.97893307 1644.20191857 1635.90379341 1617.38386113
  1590.60176282 1559.59522308 1529.43256144 1495.08084299 1459.99112779
  1424.54966128 1384.10679896 1352.47606423 1306.47222678]
 [1320.30648162 1365.61279877 1404.52516385 1443.43025973 1480.25238497
  1515.16950634 1550.88486484 1585.86368384 1617.38386113 1638.92379052
  1648.69475275 1670.32852324 1690.85169797 1703.53029686 1708.69265622
  1703.53029686 1690.85169797 1670.32852324 1648.69475275 1638.92379052
  1617.38386113 1585.86368384 1550.88486484 1515.16950634 1480.25238497
  1443.43025973 1404.52516385 1365.61279877 1320.30648162]
 [1340.57588389 1378.27723361 1416.275236   1456.84537445 1495.14097617
  1535.63691567 1571.98717866 1608.6155575  1635.90379341 1648.69475275
  1678.03524293 1708.69265622 1729.29040669 1744.62290764 1750.0043063
  1744.62290764 1729.29040669 1708.69265622 1678.03524293 1648.69475275
  1635.90379341 1608.6155575  1571.98717866 1535.63691567 1495.14097617
  1456.84537445 1416.275236   1378.27723361 1340.57588389]
 [1352.47606423 1390.13807521 1428.33889422 1471.65190698 1511.30606771
  1548.01731539 1588.78470193 1624.64011293 1644.20191857 1670.32852324
  1708.69265622 1740.01241202 1766.68610559 1787.19819309 1792.04220792
  1787.19819309 1766.68610559 1740.01241202 1708.69265622 1670.32852324
  1644.20191857 1624.64011293 1588.78470193 1548.01731539 1511.30606771
  1471.65190698 1428.33889422 1390.13807521 1352.47606423]
 [1359.59343003 1401.66344196 1439.61286528 1480.25238497 1520.04555901
  1559.59522308 1600.73207446 1635.00684849 1653.97893307 1690.85169797
  1729.29040669 1766.68610559 1800.51491367 1825.61188023 1835.3389665
  1825.61188023 1800.51491367 1766.68610559 1729.29040669 1690.85169797
  1653.97893307 1635.00684849 1600.73207446 1559.59522308 1520.04555901
  1480.25238497 1439.61286528 1401.66344196 1359.59343003]
 [1360.1962263  1402.1164019  1446.72146383 1485.6282317  1525.49651465
  1568.08739078 1608.6155575  1638.92379052 1662.69889842 1703.53029686
  1744.62290764 1787.19819309 1825.61188023 1859.98215766 1878.19054036
  1859.98215766 1825.61188023 1787.19819309 1744.62290764 1703.53029686
  1662.69889842 1638.92379052 1608.6155575  1568.08739078 1525.49651465
  1485.6282317  1446.72146383 1402.1164019  1360.1962263 ]
 [1358.06254509 1404.52516385 1447.02497461 1488.58715244 1529.43256144
  1569.43436452 1609.68133447 1638.23712409 1663.84242941 1708.69265622
  1750.0043063  1792.04220792 1835.3389665  1878.19054036 1920.28049211
  1878.19054036 1835.3389665  1792.04220792 1750.0043063  1708.69265622
  1663.84242941 1638.23712409 1609.68133447 1569.43436452 1529.43256144
  1488.58715244 1447.02497461 1404.52516385 1358.06254509]
 [1360.1962263  1402.1164019  1446.72146383 1485.6282317  1525.49651465
  1568.08739078 1608.6155575  1638.92379052 1662.69889842 1703.53029686
  1744.62290764 1787.19819309 1825.61188023 1859.98215766 1878.19054036
  1859.98215766 1825.61188023 1787.19819309 1744.62290764 1703.53029686
  1662.69889842 1638.92379052 1608.6155575  1568.08739078 1525.49651465
  1485.6282317  1446.72146383 1402.1164019  1360.1962263 ]
 [1359.59343003 1401.66344196 1439.61286528 1480.25238497 1520.04555901
  1559.59522308 1600.73207446 1635.00684849 1653.97893307 1690.85169797
  1729.29040669 1766.68610559 1800.51491367 1825.61188023 1835.3389665
  1825.61188023 1800.51491367 1766.68610559 1729.29040669 1690.85169797
  1653.97893307 1635.00684849 1600.73207446 1559.59522308 1520.04555901
  1480.25238497 1439.61286528 1401.66344196 1359.59343003]
 [1352.47606423 1390.13807521 1428.33889422 1471.65190698 1511.30606771
  1548.01731539 1588.78470193 1624.64011293 1644.20191857 1670.32852324
  1708.69265622 1740.01241202 1766.68610559 1787.19819309 1792.04220792
  1787.19819309 1766.68610559 1740.01241202 1708.69265622 1670.32852324
  1644.20191857 1624.64011293 1588.78470193 1548.01731539 1511.30606771
  1471.65190698 1428.33889422 1390.13807521 1352.47606423]
 [1340.57588389 1378.27723361 1416.275236   1456.84537445 1495.14097617
  1535.63691567 1571.98717866 1608.6155575  1635.90379341 1648.69475275
  1678.03524293 1708.69265622 1729.29040669 1744.62290764 1750.0043063
  1744.62290764 1729.29040669 1708.69265622 1678.03524293 1648.69475275
  1635.90379341 1608.6155575  1571.98717866 1535.63691567 1495.14097617
  1456.84537445 1416.275236   1378.27723361 1340.57588389]
 [1320.30648162 1365.61279877 1404.52516385 1443.43025973 1480.25238497
  1515.16950634 1550.88486484 1585.86368384 1617.38386113 1638.92379052
  1648.69475275 1670.32852324 1690.85169797 1703.53029686 1708.69265622
  1703.53029686 1690.85169797 1670.32852324 1648.69475275 1638.92379052
  1617.38386113 1585.86368384 1550.88486484 1515.16950634 1480.25238497
  1443.43025973 1404.52516385 1365.61279877 1320.30648162]
 [1306.47222678 1352.47606423 1384.10679896 1424.54966128 1459.99112779
  1495.08084299 1529.43256144 1559.59522308 1590.60176282 1617.38386113
  1635.90379341 1644.20191857 1653.97893307 1662.69889842 1663.84242941
  1662.69889842 1653.97893307 1644.20191857 1635.90379341 1617.38386113
  1590.60176282 1559.59522308 1529.43256144 1495.08084299 1459.99112779
  1424.54966128 1384.10679896 1352.47606423 1306.47222678]
 [1293.13858747 1336.15293192 1365.35048093 1402.1164019  1437.50625184
  1471.65190698 1504.41935161 1531.20379111 1559.59522308 1585.86368384
  1608.6155575  1624.64011293 1635.00684849 1638.92379052 1638.23712409
  1638.92379052 1635.00684849 1624.64011293 1608.6155575  1585.86368384
  1559.59522308 1531.20379111 1504.41935161 1471.65190698 1437.50625184
  1402.1164019  1365.35048093 1336.15293192 1293.13858747]
 [1272.1949835  1312.14227764 1349.66464481 1378.27723361 1414.57900448
  1446.72146383 1476.03537582 1504.41935161 1529.43256144 1550.88486484
  1571.98717866 1588.78470193 1600.73207446 1608.6155575  1609.68133447
  1608.6155575  1600.73207446 1588.78470193 1571.98717866 1550.88486484
  1529.43256144 1504.41935161 1476.03537582 1446.72146383 1414.57900448
  1378.27723361 1349.66464481 1312.14227764 1272.1949835 ]
 [1240.63452644 1288.18519324 1320.5848023  1352.03870992 1387.91029217
  1414.38447678 1446.72146383 1471.65190698 1495.08084299 1515.16950634
  1535.63691567 1548.01731539 1559.59522308 1568.08739078 1569.43436452
  1568.08739078 1559.59522308 1548.01731539 1535.63691567 1515.16950634
  1495.08084299 1471.65190698 1446.72146383 1414.38447678 1387.91029217
  1352.03870992 1320.5848023  1288.18519324 1240.63452644]
 [1245.91521922 1265.24457132 1298.50617374 1320.30648162 1359.59343003
  1387.91029217 1414.57900448 1437.50625184 1459.99112779 1480.25238497
  1495.14097617 1511.30606771 1520.04555901 1525.49651465 1529.43256144
  1525.49651465 1520.04555901 1511.30606771 1495.14097617 1480.25238497
  1459.99112779 1437.50625184 1414.57900448 1387.91029217 1359.59343003
  1320.30648162 1298.50617374 1265.24457132 1245.91521922]
 [1192.42081277 1235.96654803 1263.76792235 1288.48042352 1320.30648162
  1352.03870992 1378.27723361 1402.1164019  1424.54966128 1443.43025973
  1456.84537445 1471.65190698 1480.25238497 1485.6282317  1488.58715244
  1485.6282317  1480.25238497 1471.65190698 1456.84537445 1443.43025973
  1424.54966128 1402.1164019  1378.27723361 1352.03870992 1320.30648162
  1288.48042352 1263.76792235 1235.96654803 1192.42081277]
 [1179.8060114  1206.67516874 1220.747953   1263.76792235 1298.50617374
  1320.5848023  1349.66464481 1365.35048093 1384.10679896 1404.52516385
  1416.275236   1428.33889422 1439.61286528 1446.72146383 1447.02497461
  1446.72146383 1439.61286528 1428.33889422 1416.275236   1404.52516385
  1384.10679896 1365.35048093 1349.66464481 1320.5848023  1298.50617374
  1263.76792235 1220.747953   1206.67516874 1179.8060114 ]
 [1171.93496684 1201.39421926 1206.67516874 1235.96654803 1265.24457132
  1288.18519324 1312.14227764 1336.15293192 1352.47606423 1365.61279877
  1378.27723361 1390.13807521 1401.66344196 1402.1164019  1404.52516385
  1402.1164019  1401.66344196 1390.13807521 1378.27723361 1365.61279877
  1352.47606423 1336.15293192 1312.14227764 1288.18519324 1265.24457132
  1235.96654803 1206.67516874 1201.39421926 1171.93496684]
 [1139.98499102 1171.93496684 1179.8060114  1192.42081277 1245.91521922
  1240.63452644 1272.1949835  1293.13858747 1306.47222678 1320.30648162
  1340.57588389 1352.47606423 1359.59343003 1360.1962263  1358.06254509
  1360.1962263  1359.59343003 1352.47606423 1340.57588389 1320.30648162
  1306.47222678 1293.13858747 1272.1949835  1240.63452644 1245.91521922
  1192.42081277 1179.8060114  1171.93496684 1139.98499102]]