wavelength: 548, 586, 628, 667, 704, 743, 786, 826
sens_factor = np.array([0.017547780102410992, 0.04614964550557874, 0.09544836678000658, 0.18681526194692097, 0.2844845925708136, 0.4279415858839935, 0.6172293335697243, 0.8921496437579155])
sens_factor_b = [-0.6252034172081382, -1.2559592939190707, -2.2804279959666185, -2.896486330314393, -3.511054878378452, -2.6478795393421697, -0.496043324899249, 6.119685014350584]